103 84.93
102 84.93
101 84.93
101 84.93
100 84.93
99 84.93
95 82.12
94 82.12
93 82.12
93 82.12
92 82.12
91 82.12
87 79.63
86 79.63
85 79.63
85 79.63
84 79.63
83 79.63
79 77.15
78 77.15
77 77.15
77 77.15
76 77.15
75 77.15
71 74.66
70 74.66
69 74.66
69 74.66
68 74.66
67 74.66
63 71.67
62 71.67
61 71.67
61 71.67
60 71.67
59 71.67
55 68.72
54 68.72
53 68.72
53 68.72
52 68.72
51 68.72
100 66.22
98 66.22
96 66.22
94 66.22
47 65.73
46 65.73
45 65.73
45 65.73
44 65.73
43 65.73
96 65.31
94 65.31
92 65.31
91 65.31
92 64.40
90 64.40
88 64.40
86 64.40
99 64.47
98 64.47
97 64.47
99 64.47
97 64.47
96 64.47
98 64.47
97 64.47
95 64.47
97 64.47
96 64.47
95 64.47
88 63.49
86 63.49
84 63.49
82 63.49
95 63.51
94 63.51
93 63.51
95 63.51
93 63.51
92 63.51
94 63.51
93 63.51
91 63.51
93 63.51
92 63.51
91 63.51
91 62.54
90 62.54
89 62.54
91 62.54
89 62.54
88 62.54
90 62.54
89 62.54
87 62.54
89 62.54
88 62.54
87 62.54
92 62.41
90 62.41
88 62.41
86 62.41
39 62.70
38 62.70
37 62.70
37 62.70
36 62.70
35 62.70
84 61.51
82 61.51
80 61.51
78 61.51
87 61.57
86 61.57
85 61.57
87 61.57
85 61.57
84 61.57
86 61.57
85 61.57
83 61.57
85 61.57
84 61.57
83 61.57
88 61.48
86 61.48
84 61.48
82 61.48
80 60.51
78 60.51
76 60.51
74 60.51
84 60.59
82 60.59
80 60.59
78 60.59
91 60.43
90 60.43
89 60.43
91 60.43
89 60.43
88 60.43
90 60.43
89 60.43
87 60.43
89 60.43
88 60.43
87 60.43
76 59.39
74 59.39
72 59.39
70 59.39
83 59.45
82 59.45
81 59.45
83 59.45
81 59.45
80 59.45
82 59.45
81 59.45
79 59.45
81 59.45
80 59.45
79 59.45
87 59.44
86 59.44
85 59.44
87 59.44
85 59.44
84 59.44
86 59.44
85 59.44
83 59.44
85 59.44
84 59.44
83 59.44
31 59.64
30 59.64
29 59.64
29 59.64
28 59.64
27 59.64
84 59.07
82 59.07
80 59.07
78 59.07
80 58.64
78 58.64
76 58.64
74 58.64
68 58.06
66 58.06
64 58.06
62 58.06
72 58.18
70 58.18
68 58.18
66 58.18
79 58.37
78 58.37
77 58.37
79 58.37
77 58.37
76 58.37
78 58.37
77 58.37
75 58.37
77 58.37
76 58.37
75 58.37
83 58.49
82 58.49
81 58.49
83 58.49
81 58.49
80 58.49
82 58.49
81 58.49
79 58.49
81 58.49
80 58.49
79 58.49
80 58.17
78 58.17
76 58.17
74 58.17
64 57.14
62 57.14
60 57.14
58 57.14
75 57.17
74 57.17
73 57.17
75 57.17
73 57.17
72 57.17
74 57.17
73 57.17
71 57.17
73 57.17
72 57.17
71 57.17
76 56.79
74 56.79
72 56.79
70 56.79
60 56.34
58 56.34
56 56.34
54 56.34
83 56.91
82 56.91
81 56.91
83 56.91
81 56.91
80 56.91
82 56.91
81 56.91
79 56.91
81 56.91
80 56.91
79 56.91
79 56.41
78 56.41
77 56.41
79 56.41
77 56.41
76 56.41
78 56.41
77 56.41
75 56.41
77 56.41
76 56.41
75 56.41
67 55.74
66 55.74
65 55.74
67 55.74
65 55.74
64 55.74
66 55.74
65 55.74
63 55.74
65 55.74
64 55.74
63 55.74
71 55.87
70 55.87
69 55.87
71 55.87
69 55.87
68 55.87
70 55.87
69 55.87
67 55.87
69 55.87
68 55.87
67 55.87
76 56.22
74 56.22
72 56.22
70 56.22
72 55.85
70 55.85
68 55.85
66 55.85
76 56.15
74 56.15
72 56.15
70 56.15
56 55.51
54 55.51
52 55.51
50 55.51
79 55.95
78 55.95
77 55.95
79 55.95
77 55.95
76 55.95
78 55.95
77 55.95
75 55.95
77 55.95
76 55.95
75 55.95
23 56.26
22 56.26
21 56.26
21 56.26
20 56.26
19 56.26
63 54.73
62 54.73
61 54.73
63 54.73
61 54.73
60 54.73
62 54.73
61 54.73
59 54.73
61 54.73
60 54.73
59 54.73
68 54.80
66 54.80
64 54.80
62 54.80
75 54.43
74 54.43
73 54.43
75 54.43
73 54.43
72 54.43
74 54.43
73 54.43
71 54.43
73 54.43
72 54.43
71 54.43
72 54.42
70 54.42
68 54.42
66 54.42
59 53.86
58 53.86
57 53.86
59 53.86
57 53.86
56 53.86
58 53.86
57 53.86
55 53.86
57 53.86
56 53.86
55 53.86
64 53.83
62 53.83
60 53.83
58 53.83
72 54.11
70 54.11
68 54.11
66 54.11
75 53.86
74 53.86
73 53.86
75 53.86
73 53.86
72 53.86
74 53.86
73 53.86
71 53.86
73 53.86
72 53.86
71 53.86
75 53.83
74 53.83
73 53.83
75 53.83
73 53.83
72 53.83
74 53.83
73 53.83
71 53.83
73 53.83
72 53.83
71 53.83
71 53.42
70 53.42
69 53.42
71 53.42
69 53.42
68 53.42
70 53.42
69 53.42
67 53.42
69 53.42
68 53.42
67 53.42
55 52.95
54 52.95
53 52.95
55 52.95
53 52.95
52 52.95
54 52.95
53 52.95
51 52.95
53 52.95
52 52.95
51 52.95
60 52.89
58 52.89
56 52.89
54 52.89
68 52.52
66 52.52
64 52.52
62 52.52
67 52.30
66 52.30
65 52.30
67 52.30
65 52.30
64 52.30
66 52.30
65 52.30
63 52.30
65 52.30
64 52.30
63 52.30
56 52.07
54 52.07
52 52.07
50 52.07
68 52.38
66 52.38
64 52.38
62 52.38
68 52.31
66 52.31
64 52.31
62 52.31
15 52.84
14 52.84
13 52.84
13 52.84
12 52.84
11 52.84
64 51.68
62 51.68
60 51.68
58 51.68
71 51.93
70 51.93
69 51.93
71 51.93
69 51.93
68 51.93
70 51.93
69 51.93
67 51.93
69 51.93
68 51.93
67 51.93
63 51.25
62 51.25
61 51.25
63 51.25
61 51.25
60 51.25
62 51.25
61 51.25
59 51.25
61 51.25
60 51.25
59 51.25
71 51.64
70 51.64
69 51.64
71 51.64
69 51.64
68 51.64
70 51.64
69 51.64
67 51.64
69 51.64
68 51.64
67 51.64
52 51.24
50 51.24
48 51.24
46 51.24
60 50.71
58 50.71
56 50.71
54 50.71
64 50.51
62 50.51
60 50.51
58 50.51
59 50.23
58 50.23
57 50.23
59 50.23
57 50.23
56 50.23
58 50.23
57 50.23
55 50.23
57 50.23
56 50.23
55 50.23
64 50.45
62 50.45
60 50.45
58 50.45
56 49.76
54 49.76
52 49.76
50 49.76
67 49.90
66 49.90
65 49.90
67 49.90
65 49.90
64 49.90
66 49.90
65 49.90
63 49.90
65 49.90
64 49.90
63 49.90
67 49.82
66 49.82
65 49.82
67 49.82
65 49.82
64 49.82
66 49.82
65 49.82
63 49.82
65 49.82
64 49.82
63 49.82
67 49.71
66 49.71
65 49.71
67 49.71
65 49.71
64 49.71
66 49.71
65 49.71
63 49.71
65 49.71
64 49.71
63 49.71
55 49.33
54 49.33
53 49.33
55 49.33
53 49.33
52 49.33
54 49.33
53 49.33
51 49.33
53 49.33
52 49.33
51 49.33
63 49
62 49
61 49
63 49
61 49
60 49
62 49
61 49
59 49
61 49
60 49
59 49
52 48.94
50 48.94
48 48.94
46 48.94
60 48.86
58 48.86
56 48.86
54 48.86
60 48.65
58 48.65
56 48.65
54 48.65
60 48.57
58 48.57
56 48.57
54 48.57
51 48.42
50 48.42
49 48.42
51 48.42
49 48.42
48 48.42
50 48.42
49 48.42
47 48.42
49 48.42
48 48.42
47 48.42
7 49.39
6 49.39
5 49.39
5 49.39
4 49.39
3 49.39
48 48.10
46 48.10
44 48.10
42 48.10
59 47.96
58 47.96
57 47.96
59 47.96
57 47.96
56 47.96
58 47.96
57 47.96
55 47.96
57 47.96
56 47.96
55 47.96
56 47.82
54 47.82
52 47.82
50 47.82
63 47.82
62 47.82
61 47.82
63 47.82
61 47.82
60 47.82
62 47.82
61 47.82
59 47.82
61 47.82
60 47.82
59 47.82
63 47.73
62 47.73
61 47.73
63 47.73
61 47.73
60 47.73
62 47.73
61 47.73
59 47.73
61 47.73
60 47.73
59 47.73
55 46.92
54 46.92
53 46.92
55 46.92
53 46.92
52 46.92
54 46.92
53 46.92
51 46.92
53 46.92
52 46.92
51 46.92
56 46.99
54 46.99
52 46.99
50 46.99
52 46.87
50 46.87
48 46.87
46 46.87
56 46.80
54 46.80
52 46.80
50 46.80
48 46.04
46 46.04
44 46.04
42 46.04
51 46.02
50 46.02
49 46.02
51 46.02
49 46.02
48 46.02
50 46.02
49 46.02
47 46.02
49 46.02
48 46.02
47 46.02
59 46.07
58 46.07
57 46.07
59 46.07
57 46.07
56 46.07
58 46.07
57 46.07
55 46.07
57 46.07
56 46.07
55 46.07
52 45.68
50 45.68
48 45.68
46 45.68
59 45.83
58 45.83
57 45.83
59 45.83
57 45.83
56 45.83
58 45.83
57 45.83
55 45.83
57 45.83
56 45.83
55 45.83
59 45.71
58 45.71
57 45.71
59 45.71
57 45.71
56 45.71
58 45.71
57 45.71
55 45.71
57 45.71
56 45.71
55 45.71
52 45.15
50 45.15
48 45.15
46 45.15
44 45.20
42 45.20
40 45.20
38 45.20
47 45.11
46 45.11
45 45.11
47 45.11
45 45.11
44 45.11
46 45.11
45 45.11
43 45.11
45 45.11
44 45.11
43 45.11
52 44.94
50 44.94
48 44.94
46 44.94
55 44.90
54 44.90
53 44.90
55 44.90
53 44.90
52 44.90
54 44.90
53 44.90
51 44.90
53 44.90
52 44.90
51 44.90
48 44.20
46 44.20
44 44.20
42 44.20
55 44.07
54 44.07
53 44.07
55 44.07
53 44.07
52 44.07
54 44.07
53 44.07
51 44.07
53 44.07
52 44.07
51 44.07
48 43.82
46 43.82
44 43.82
42 43.82
51 43.87
50 43.87
49 43.87
51 43.87
49 43.87
48 43.87
50 43.87
49 43.87
47 43.87
49 43.87
48 43.87
47 43.87
55 43.85
54 43.85
53 43.85
55 43.85
53 43.85
52 43.85
54 43.85
53 43.85
51 43.85
53 43.85
52 43.85
51 43.85
48 43.31
46 43.31
44 43.31
42 43.31
44 43.38
42 43.38
40 43.38
38 43.38
44 42.83
42 42.83
40 42.83
38 42.83
47 42.97
46 42.97
45 42.97
47 42.97
45 42.97
44 42.97
46 42.97
45 42.97
43 42.97
45 42.97
44 42.97
43 42.97
51 42.69
50 42.69
49 42.69
51 42.69
49 42.69
48 42.69
50 42.69
49 42.69
47 42.69
49 42.69
48 42.69
47 42.69
40 42.54
38 42.54
36 42.54
34 42.54
44 41.99
42 41.99
40 41.99
38 41.99
51 42.10
50 42.10
49 42.10
51 42.10
49 42.10
48 42.10
50 42.10
49 42.10
47 42.10
49 42.10
48 42.10
47 42.10
43 42.05
42 42.05
41 42.05
43 42.05
41 42.05
40 42.05
42 42.05
41 42.05
39 42.05
41 42.05
40 42.05
39 42.05
51 41.86
50 41.86
49 41.86
51 41.86
49 41.86
48 41.86
50 41.86
49 41.86
47 41.86
49 41.86
48 41.86
47 41.86
44 41.41
42 41.41
40 41.41
38 41.41
40 40.98
38 40.98
36 40.98
34 40.98
47 41.06
46 41.06
45 41.06
47 41.06
45 41.06
44 41.06
46 41.06
45 41.06
43 41.06
45 41.06
44 41.06
43 41.06
40 40.81
38 40.81
36 40.81
34 40.81
47 40.70
46 40.70
45 40.70
47 40.70
45 40.70
44 40.70
46 40.70
45 40.70
43 40.70
45 40.70
44 40.70
43 40.70
36 40.35
34 40.35
32 40.35
30 40.35
40 40.10
38 40.10
36 40.10
34 40.10
47 40.14
46 40.14
45 40.14
47 40.14
45 40.14
44 40.14
46 40.14
45 40.14
43 40.14
45 40.14
44 40.14
43 40.14
43 40.16
42 40.16
41 40.16
43 40.16
41 40.16
40 40.16
42 40.16
41 40.16
39 40.16
41 40.16
40 40.16
39 40.16
36 39.97
34 39.97
32 39.97
30 39.97
43 39.65
42 39.65
41 39.65
43 39.65
41 39.65
40 39.65
42 39.65
41 39.65
39 39.65
41 39.65
40 39.65
39 39.65
36 39.11
34 39.11
32 39.11
30 39.11
39 39.24
38 39.24
37 39.24
39 39.24
37 39.24
36 39.24
38 39.24
37 39.24
35 39.24
37 39.24
36 39.24
35 39.24
28 38.53
26 38.53
24 38.53
22 38.53
43 38.74
42 38.74
41 38.74
43 38.74
41 38.74
40 38.74
42 38.74
41 38.74
39 38.74
41 38.74
40 38.74
39 38.74
32 38.48
30 38.48
28 38.48
26 38.48
36 38.28
34 38.28
32 38.28
30 38.28
43 38.09
42 38.09
41 38.09
43 38.09
41 38.09
40 38.09
42 38.09
41 38.09
39 38.09
41 38.09
40 38.09
39 38.09
39 37.67
38 37.67
37 37.67
39 37.67
37 37.67
36 37.67
38 37.67
37 37.67
35 37.67
37 37.67
36 37.67
35 37.67
32 37.68
30 37.68
28 37.68
26 37.68
32 37.30
30 37.30
28 37.30
26 37.30
39 37.43
38 37.43
37 37.43
39 37.43
37 37.43
36 37.43
38 37.43
37 37.43
35 37.43
37 37.43
36 37.43
35 37.43
35 37.01
34 37.01
33 37.01
35 37.01
33 37.01
32 37.01
34 37.01
33 37.01
31 37.01
33 37.01
32 37.01
31 37.01
24 36.76
22 36.76
20 36.76
18 36.76
28 36.69
26 36.69
24 36.69
22 36.69
39 36.71
38 36.71
37 36.71
39 36.71
37 36.71
36 36.71
38 36.71
37 36.71
35 36.71
37 36.71
36 36.71
35 36.71
35 36.52
34 36.52
33 36.52
35 36.52
33 36.52
32 36.52
34 36.52
33 36.52
31 36.52
33 36.52
32 36.52
31 36.52
20 35.73
18 35.73
16 35.73
14 35.73
35 35.66
34 35.66
33 35.66
35 35.66
33 35.66
32 35.66
34 35.66
33 35.66
31 35.66
33 35.66
32 35.66
31 35.66
28 35.44
26 35.44
24 35.44
22 35.44
27 35.07
26 35.07
25 35.07
27 35.07
25 35.07
24 35.07
26 35.07
25 35.07
23 35.07
25 35.07
24 35.07
23 35.07
31 35
30 35
29 35
31 35
29 35
28 35
30 35
29 35
27 35
29 35
28 35
27 35
20 34.93
18 34.93
16 34.93
14 34.93
24 34.84
22 34.84
20 34.84
18 34.84
35 34.75
34 34.75
33 34.75
35 34.75
33 34.75
32 34.75
34 34.75
33 34.75
31 34.75
33 34.75
32 34.75
31 34.75
16 33.92
14 33.92
12 33.92
10 33.92
31 34.09
30 34.09
29 34.09
31 34.09
29 34.09
28 34.09
30 34.09
29 34.09
27 34.09
29 34.09
28 34.09
27 34.09
31 33.72
30 33.72
29 33.72
31 33.72
29 33.72
28 33.72
30 33.72
29 33.72
27 33.72
29 33.72
28 33.72
27 33.72
23 33.16
22 33.16
21 33.16
23 33.16
21 33.16
20 33.16
22 33.16
21 33.16
19 33.16
21 33.16
20 33.16
19 33.16
27 33.07
26 33.07
25 33.07
27 33.07
25 33.07
24 33.07
26 33.07
25 33.07
23 33.07
25 33.07
24 33.07
23 33.07
12 33.09
10 33.09
8 33.09
6 33.09
19 32.07
18 32.07
17 32.07
19 32.07
17 32.07
16 32.07
18 32.07
17 32.07
15 32.07
17 32.07
16 32.07
15 32.07
27 31.71
26 31.71
25 31.71
27 31.71
25 31.71
24 31.71
26 31.71
25 31.71
23 31.71
25 31.71
24 31.71
23 31.71
19 31.19
18 31.19
17 31.19
19 31.19
17 31.19
16 31.19
18 31.19
17 31.19
15 31.19
17 31.19
16 31.19
15 31.19
23 31.08
22 31.08
21 31.08
23 31.08
21 31.08
20 31.08
22 31.08
21 31.08
19 31.08
21 31.08
20 31.08
19 31.08
15 30.12
14 30.12
13 30.12
15 30.12
13 30.12
12 30.12
14 30.12
13 30.12
11 30.12
13 30.12
12 30.12
11 30.12
11 29.24
10 29.24
9 29.24
11 29.24
9 29.24
8 29.24
10 29.24
9 29.24
7 29.24
9 29.24
8 29.24
7 29.24
