2s2h 52.72 30.8 21.72 17.44 15.8 13.68 14.2 
3s3h 54.16 35.56 25.16 20.16 16.96 15.48 13.48 
4s4h 58.96 36.88 27.44 20.68 17.36 15.28 14.08 
5s5h 61.08 42.56 30.04 23.64 20.04 17.08 16.48 
6s6h 65.36 44.16 32.28 23.68 20.4 17.88 18.04 
7s7h 65.84 47.88 36.24 27.84 21.76 20 16.36 
8s8h 69.88 52.76 38.2 30.32 24.64 20.52 19.16 
9s9h 71.64 56.4 42.36 32.2 29.64 22.4 19.68 
10s10h 76.36 58.72 47.68 39.08 31.32 27.28 21.88 
JsJh 77.88 62.36 51.56 42.52 36.56 29.56 26.32 
QsQh 81.08 66.12 56.04 45.48 40.44 34.48 30.6 
KsKh 83.04 70.8 60.16 52.56 46.2 39.92 33.68 
AsAh 86.4 73.32 64.36 56.32 50.64 45.08 39.16 
2s3s 39.2 26.2 18.4 16.12 12.92 11.28 11.16 
2s4s 40.08 24.6 20.12 17.88 13.72 12.96 12.08 
2s5s 40.56 26.68 20.56 16.6 15.08 13.16 11.6 
2s6s 39.44 27.16 18.72 17 14.72 12.4 10.36 
2s7s 41.36 26.76 18.84 15.28 13.52 12.68 10.24 
2s8s 43.48 28 21.16 17.48 14.24 13.04 9.52 
2s9s 43.08 27.44 21.8 16.56 15.36 12.68 11.32 
2s10s 47.36 30.88 23.88 18.6 14.8 12.48 12.6 
2sJs 49.36 33.36 24.88 20.4 14.32 14.72 12.12 
2sQs 53.28 33.8 25.32 21.44 19.4 15.56 15.12 
2sKs 55.92 37.28 28.2 22.6 19.28 16.48 15.32 
2sAs 57.32 42.64 32.16 27.16 23.12 19.36 17.88 
3s4s 40.08 28.08 22.28 19.04 13.88 12.88 12.84 
3s5s 42.44 28.08 21.16 18.24 15.2 12.84 13.48 
3s6s 41.64 27.32 22.28 17.92 15.08 12.48 13.12 
3s7s 42.56 28.96 20.64 18.24 14.68 13.36 12.84 
3s8s 42.24 28.6 20.52 17.32 13.84 12.48 11.68 
3s9s 45.92 29.84 21.88 16.48 16.16 13.12 11.16 
3s10s 47.84 29.32 22.52 17.88 16.12 15.88 13.36 
3sJs 50 33.24 23.64 20.44 15.96 14.36 13.84 
3sQs 52.84 35.24 27.04 20.32 18.88 15.76 14.6 
3sKs 57.28 38.72 27.92 23.16 20.36 17.76 14.68 
3sAs 59.92 42.48 32.52 27.84 22.96 21.12 19.44 
4s5s 44.32 30.88 24.44 18.04 18.12 17.16 14.64 
4s6s 43.24 31.64 22.24 20.48 16.44 15.8 14.04 
4s7s 44.32 29.88 22.24 18.92 14.6 13.92 12.6 
4s8s 43.16 29.44 22.92 18.08 14.88 14.24 12.28 
4s9s 46.44 28.84 24.92 17.68 15.4 14.04 13.2 
4s10s 48.6 32.04 24.28 19.84 15.52 15 12.8 
4sJs 52.12 33.24 26.96 21.24 17.72 14.56 14.28 
4sQs 51.6 36.8 26.8 22.44 19.24 17.96 14.04 
4sKs 56.56 39.8 29.24 23.92 20.64 17.6 15.6 
4sAs 61.84 43.24 32.56 28.4 24.44 21.24 18.72 
5s6s 48.2 33.88 24.84 21.24 18.52 16.68 14.12 
5s7s 45.28 32.92 23.64 21.04 19.16 15.68 14.48 
5s8s 48.08 30.68 22.56 20.6 18.24 15.92 13.4 
5s9s 46.32 31.52 23.92 20.84 17.8 16.04 13.48 
5s10s 51.08 33.32 24.6 19.88 15.8 14.68 13.16 
5sJs 51.24 35.72 24.32 20.92 17.12 15.88 13.36 
5sQs 55 38.16 27.52 23.6 20.16 15.76 15.2 
5sKs 58.4 40.16 30.96 24.84 20.68 17.96 16.96 
5sAs 59.8 44.56 33.44 26.2 24.6 22.76 19.52 
6s7s 47.72 33.24 25.08 22.76 18.16 17.16 16.48 
6s8s 50.16 33.16 26.24 21.6 17.96 15.52 15.2 
6s9s 49.24 33.24 26.88 21.88 19.32 17.12 14.88 
6s10s 50.72 34.92 26.08 22.2 18.32 17.12 14.16 
6sJs 51.6 37.2 26.56 20.24 19 16.88 14.28 
6sQs 55.04 37.08 28.6 23.08 20.12 17.72 15.84 
6sKs 58.6 39.72 30.52 26.36 21.4 20.36 16.56 
6sAs 63.44 44.32 32.28 28.48 23.56 19.84 18.64 
7s8s 49.04 37.36 27.04 22.44 20.16 18.12 15.2 
7s9s 52.04 36.56 28.52 23 19.84 16.92 16.8 
7s10s 53.88 35.88 29.36 24.08 21 16.12 15.64 
7sJs 56.44 37.36 29.4 23.28 19.88 17.72 14.44 
7sQs 55.64 38.68 29.6 23.04 20.08 17.68 16.32 
7sKs 58.72 41.44 32.36 25.64 23.28 18.92 16.96 
7sAs 62.32 45.12 34.2 28.2 23.4 21.96 19.84 
8s9s 54.08 37.88 28.24 24.32 20.48 20.16 17.92 
8s10s 53.6 38.56 31.48 26.36 22.2 20.08 17 
8sJs 55.52 41.36 31.28 25.64 22.04 19.4 18.28 
8sQs 56.88 40.76 31.44 25.6 21.36 19 17.76 
8sKs 60.12 41.44 33.04 26.28 23.92 20.08 17.52 
8sAs 64.16 44.52 36.52 28.96 24.28 22 20.72 
9s10s 55.64 41.52 32.92 27.08 24.08 21.08 18.36 
9sJs 57.32 42.4 34.28 26.84 22.6 21.08 18.72 
9sQs 59.68 44.68 34.56 27.84 24.88 22 18.92 
9sKs 61.48 43.44 34.32 29.08 23.56 22.92 18.8 
9sAs 65.6 47.68 36.2 28.28 24.28 24.12 19.76 
10sJs 59.44 43.56 34.08 28.88 26.84 21.84 20.32 
10sQs 60.8 43.4 36.72 30.72 25.88 21.88 20.92 
10sKs 62.8 46.04 38.52 32.2 29.04 24.92 21.6 
10sAs 64.6 48.48 39.4 33.16 27.28 24.96 22.04 
JsQs 60.68 45.48 37.04 30.6 26.96 23.4 22.04 
JsKs 64.32 48.28 37.88 32.32 28.92 25.16 24.16 
JsAs 65.8 49.24 38.8 33.44 28.72 25.36 22.8 
QsKs 64.64 47.96 40.08 33 29.24 26.04 24.44 
QsAs 67.88 51.2 39.24 36.92 28.64 26.36 24.36 
KsAs 70.04 51.48 42.8 35.72 33.36 27.6 25.52 
2s3h 35.16 22.44 14.84 10.76 9.56 9.08 7.48 
2s4h 37.24 23.32 16.72 13.32 10.36 9.52 8.04 
2s5h 36.24 23.16 17.6 13.64 11.16 9.4 8.16 
2s6h 38.28 22.28 16.48 12.32 11.44 9.6 8.08 
2s7h 37.52 22.44 16.44 12 10.32 8.08 7.44 
2s8h 40.44 24.6 17.12 13.04 10.68 9 7.52 
2s9h 42.92 25.4 17.16 15.36 11.68 9.92 8.72 
2s10h 45.04 28.24 18.64 14.88 12.16 10.28 9.08 
2sJh 46.12 29 20.84 17.92 12.44 10.92 9.68 
2sQh 49.24 31.24 23.12 17.04 15.08 11.68 10.76 
2sKh 52.76 34.6 25.16 19.68 16.72 13.8 10.44 
2sAh 53.24 33.44 24.24 19.16 15.2 12.52 10.48 
3s4h 39.24 26.8 16.32 13.8 11.68 10.2 10.04 
3s5h 40.44 24.2 18.64 14.64 13.36 12.08 10.32 
3s6h 39.08 24.88 18.88 15.16 12.28 9.64 10.32 
3s7h 39.68 24.88 18.08 15 12.08 10.08 9.08 
3s8h 40.32 26.16 18.36 14.12 11.76 10.28 8.32 
3s9h 43.08 26.88 18.6 14.64 12.12 9.44 9.36 
3s10h 46.4 27.84 19.24 16.68 12.04 11.6 9.16 
3sJh 47.6 31.16 21.92 17.48 14.64 12.28 10.12 
3sQh 51.08 31.08 23.72 19.4 15.4 13.2 10.4 
3sKh 54.24 35.64 26.24 20.44 16.24 12.88 11.76 
3sAh 55.48 34.16 24.04 19.44 16.8 14.48 11.08 
4s5h 40.48 27.8 20.6 16.88 14.8 13.04 11.96 
4s6h 41.64 28.72 20.2 15.88 13.28 11.4 11.32 
4s7h 42.12 26.6 17.76 16.2 12.64 10.88 9.96 
4s8h 42.92 27.32 19.08 16.84 13.4 10.36 9.56 
4s9h 44.08 26.28 19.04 14.32 11.8 10.52 10 
4s10h 46.4 30.12 20.28 17.28 13.84 11.4 11.36 
4sJh 50.04 30.52 22.04 17.36 14.92 11.88 10.64 
4sQh 50.64 33.44 24.68 19.92 14.48 13.2 10.96 
4sKh 55.16 35.88 26 21.48 17.04 15 11.92 
4sAh 54.32 33.36 24.2 21.36 17 14 13.84 
5s6h 42.2 28.48 22.16 16.92 15.68 12.84 11.68 
5s7h 44.72 29.24 21.12 16.84 15.4 13.24 11.68 
5s8h 46.88 29.76 21.6 16.52 14.24 12.76 12.72 
5s9h 46.08 29.56 22.48 16.64 14.44 11.04 10.12 
5s10h 46.16 32.36 22.84 16.24 15.04 11.92 10.76 
5sJh 49.16 31.28 24.6 19.24 15.6 12.6 11.36 
5sQh 52.88 33.48 24.44 19.6 15.32 13.68 11.24 
5sKh 57.88 38.36 27.2 22.04 16.68 15.48 13.4 
5sAh 57.8 37.36 25.52 20 17.68 15.12 11.8 
6s7h 46.16 31.2 23.84 18.84 16.08 13.76 11.52 
6s8h 46 32.04 24.92 17.8 15.56 13.36 11.28 
6s9h 49.08 30.8 22.92 18.76 16.6 13.32 11.2 
6s10h 50.36 30.2 23.6 18.6 15.84 13.36 12.12 
6sJh 50.44 33.4 24.28 18.88 16.44 13.04 11.24 
6sQh 56.2 34.76 27.44 20.4 16.48 13.76 12.2 
6sKh 55.8 38.48 28.84 21.2 18.28 15.52 12.2 
6sAh 57.4 37.2 27.56 20.28 14.76 14.84 12.52 
7s8h 47.44 32.92 25.92 17.84 18.76 14.6 12 
7s9h 48.84 33.16 28 19.24 18.28 15.52 10.76 
7s10h 50.68 35.88 24.08 21.08 17.72 14.8 12.36 
7sJh 53.76 33.32 27.12 21.32 16.72 14.44 13.04 
7sQh 54.64 36.72 26.96 22.32 17.12 15.76 13.56 
7sKh 58.32 39.2 29.56 24 19.2 16.56 13.76 
7sAh 57.2 38.32 28.16 22.32 18 15 12.52 
8s9h 49.52 33.92 27.68 23.28 17.64 16.32 14.64 
8s10h 51.92 36.88 27.52 23.04 20 16.92 15.36 
8sJh 53.76 37.24 28.32 23 20.28 17.08 14.36 
8sQh 56.04 38.28 28.64 22.04 18.6 17.28 15.08 
8sKh 58.08 38.6 29.84 24.4 19.28 17.76 15.96 
8sAh 59.56 38.32 28.08 22.64 18.64 15.24 13.2 
9s10h 55.8 38.52 31.12 24.52 21.6 18.52 15.52 
9sJh 55.48 40.48 31.12 25.76 20.24 18.6 16.16 
9sQh 58.16 39.72 32.44 25.64 21.36 17.52 16.04 
9sKh 59.32 40.8 33.72 25.96 21.12 18.56 18.92 
9sAh 59.36 39 28.88 24.12 19.84 16.84 14.24 
10sJh 57.92 41.28 33.72 29.4 22.32 20.52 17.52 
10sQh 58.84 42.72 34.44 29.08 23.48 19.68 16.88 
10sKh 61.12 45.44 36.28 26.96 25.08 20.92 18.2 
10sAh 61.4 44.24 32.2 25.92 20.72 18.24 16.68 
JsQh 61.76 44.36 35.16 28.88 25.12 23 19.92 
JsKh 61.76 44.08 35.48 29.28 25.2 22.08 20.36 
JsAh 61.6 43.52 33.92 25.88 24.12 18.28 17.44 
QsKh 62.4 46.64 37.52 32 27.76 25.08 21.48 
QsAh 61.36 43.8 35.44 28.28 24.96 21.16 17.16 
KsAh 62.36 46.12 36.64 29.72 25.2 22.36 20 
